================================
F F FB F F 
================================
1 F 3 FB 5 F 
================================
1 2 F 4 B F 7 
================================
1 2 3 F 5 B 7 F 
================================
1 2 3 4 F 6 B 8 9 
================================
1 2 3 4 5 F 7 B 9 10 
================================
1 2 3 4 5 6 F 8 B 10 11 
================================
1 2 3 4 5 6 7 F 9 B 11 12 
================================
1 2 3 4 5 6 7 8 F 10 B 12 13 
================================
1 2 3 4 5 6 7 8 9 F 11 B 13 14 
================================
1 2 3 4 5 6 7 8 9 10 F 12 B 14 15 
================================
1 2 3 4 5 6 7 8 9 10 11 F 13 B 15 16 
================================
1 2 3 4 5 6 7 8 9 10 11 12 F 14 B 16 17 
================================
1 2 3 4 5 6 7 8 9 10 11 12 13 F 15 B 17 18 
================================
1 2 3 4 5 6 7 8 9 10 11 12 13 14 F 16 B 18 19 
================================
1 2 3 4 5 6 7 8 9 10 11 12 13 14 15 F 17 B 19 20 
================================
1 2 3 4 5 6 7 8 9 10 11 12 13 14 15 16 F 18 B 20 21 
================================
1 2 3 4 5 6 7 8 9 10 11 12 13 14 15 16 17 F 19 B 21 22 
================================
1 2 3 4 5 6 7 8 9 10 11 12 13 14 15 16 17 18 F 20 B 22 23 
================================
1 2 3 4 5 6 7 8 9 10 11 12 13 14 15 16 17 18 19 F 21 B 23 24 
================================
